#4
Processor0,1,292000,6,370
Processor1,1,341075.688063,6,432
Processor2,1,374223.246016,6,474
Processor3,1,423190.865425,6,536
#4
Memory0,1,480000,2.5,130
Memory1,1,560672.36394,2.5,151
Memory2,1,615161.5003,2.5,166
Memory3,1,695656.217137,2.5,188
#4
EthernetInterface0,1,120000,2.5,27
EthernetInterface1,1,140168.090985,2.5,31
EthernetInterface2,1,153790.375075,2.5,34
EthernetInterface3,1,173914.054284,2.5,39
#4
Storage0,1,200000,2.5,45
Storage1,1,233613.484975,2.5,52
Storage2,1,256317.291792,2.5,57
Storage3,1,289856.75714,2.5,65
572,2797
686
1,1,1,1